shell-test&Bouhou 27-11-2017-23-04
shell-test&Bouhou 27-11-2017-23-04
shell-test&Bouhou 27-11-2017-23-05
shell-test&Bouhou 27-11-2017-23-05
shell-test&Bouhou 27-11-2017-23-07
shell-test&Bouhou 27-11-2017-23-07
shell-test&Bouhou 27-11-2017-23-07
shell-test&Bouhou 27-11-2017-23-07
shell-test&Bouhou 27-11-2017-23-07
shell-test&Bouhou 27-11-2017-23-07
shell-test&Bouhou 27-11-2017-23-08
shell-test&Bouhou 27-11-2017-23-08
shell-test&Bouhou 27-11-2017-23-08
shell-test&Bouhou 27-11-2017-23-09
shell-test&Bouhou 27-11-2017-23-10
shell-test&Bouhou 27-11-2017-23-10
shell-test&Bouhou 27-11-2017-23-10
shell-test&Bouhou 27-11-2017-23-10
5 135 shell-test&Bouhou 27-11-2017-23-15
9 34 shell-test&Bouhou 27-11-2017-23-15
111 9 4 shell-test&Bouhou 27-11-2017-23-16
9 shell-test&Bouhou 27-11-2017-23-16
31 33 3 shell-test&Bouhou 27-11-2017-23-16
shell-test&Bouhou 27-11-2017-23-16
shell-test&Bouhou 27-11-2017-23-16
3 shell-test&Bouhou 27-11-2017-23-16
0 7 1 shell-test&Bouhou 27-11-2017-23-16
1 0 2 4 shell-test&Bouhou 27-11-2017-23-17
40 3 3 2 3 3 4 559 9 5 1 1 0 4 04 21 91 5 5 1 4 3 5 11 1 shell-test&Bouhou 27-11-2017-23-17
222222222922 2 2 2212 12 25 22 14 22 2 10 25 22 42 20 3 22 2 25 2 3 12 1 32 22 2 3 2 01 1 1 3 2 2 shell-test&Bouhou 27-11-2017-23-17
0 1 19 0 6 shell-test&Bouhou 27-11-2017-23-17
411010113 shell-test&Bouhou 27-11-2017-23-17
310135 shell-test&Bouhou 27-11-2017-23-17
115313 shell-test&Bouhou 27-11-2017-23-17
41 4 23 2 1 1 46 54 1 5 3 74 1 1 4 4 3 1 4 47 4 7 1 1 1 1 3 2 01 4 55 9 9 3 23 5 252 3 2 4 5 0 3 19 5 9 0 3 3335 11 1 1 5 9 4 1 1 929 5 057 145 453 21 7 13 4 1 794 3 9 shell-test&Bouhou 27-11-2017-23-24
557 0 577 707 55 77 575 75 57 75 55 75 57 75 5555 55 777 77 7 575 57 77 55 77 7 575 54 55 55 45 55 5 75 7 55 575 775 57 5 55 05 5 77 55 55 77 55 75 355 34 57 4 7 5 54575 55 7 55 75 55 3 77 7 771 57 5 45 505 75 71 7 55 55 7 55 35 57 57 55 77 57 55 477 71 5 75 7177 77 77 75 71 755 51 51 5 77 5 77 7 5 57 57177 575 0 5 55 0 57 75 777 3 77 5257 57 55 75 53 52 155525 75 777 57 45 77 15 75 55 55 75 02 77 557 54555 3 75 5 1 77 5 57 5 77 755 57 37 5 3 57 5 5 4 557 775 55 57555 55 57 35 5 557 47 57 5555 71 1 77 77 5577275 575 755 55 5 55555 75 55 45 57 55 45 7 3 735 57 75 57 5 5475 5 75 5 55 275 77 57 9 575 77 755 4 57 33 3 51 13 51 7 57 57 57 3 375 7 51 75 55 57 7 7 535 55 57 5 77 5 7 5 5 745547 57 55 7 7955 75326 2 574 7552 5 75 55 1 54 55 shell-test&Bouhou 27-11-2017-23-24
3 5 40 2 7 4 5 121 332 2 53 3 3 35 3 1 4 31 3 51 2 2 34 92 23 5 43 2 25 7 1 3 21 2 5 3 2 4 3 4 shell-test&Bouhou 27-11-2017-23-25
